nparks_cols <- c("#A8CDECFF",
                 "#F6955EFF",
                 "#682C37FF",
                 "#9B6981FF",
                 "#7887A4FF",
                 "#A89F8EFF")

chisland_cols <- c("#F5D2E6FF",
                   "#554C6CFF",
                   "#EB8D43FF",
                   "#70646EFF",
                   "#7397CBFF",
                   "#CEA347FF")

craterlk_cols <- c("#7DCCD3FF",
                   "#4E7147FF",
                   "#BE9C9DFF",
                   "#F7ECD8FF",
                   "#376597FF",
                   "#9888A5FF",
                   "#DBA662FF")

abudabi_cols <- c("#715843FF",
                  "#4C525EFF",
                  "#80848EFF",
                  "#BFC8D3FF",
                  "#A26B3AFF",
                  "#E9B972FF",
                  "#856B59FF",
                  "#AFA099FF",
                  "#D8C0B6FF",
                  "#DAD9DCFF",
                  "#D5CFCAFF",
                  "#A3A4AFFF",
                  "#D2AB6CFF")
